1) n punir ru trivlx 
2) c29tZSBkYXRhIGhhcyBiZWVuIGNvcnJ1cHRlZA==
3) bsxm boimazme bmbmloxi
4) 01010100 01101000 01101001 01101110 01100111 01110011 00100000 01110100 01101000 01100001 01110100 00100000 01100001 01110010 01100101 00100000 01100110 01101001 01111000 01100101 01100100 00100000 01110111 01101001 01110100 01101000 00100000 01100111 01110010 01100101 01100001 01110100 00100000 01110011 01110000 01100101 01100101 01100100
5) 4YRY8gi1BZvtbEmT6tc4rEqN47hXMk21sb88ydQgBpptPgGFYtoiq3rnfLaWfdyZbPFQQR
6) 164 150 151 163 40 162 145 146 145 162 145 156 143 145 163 40 141 40 164 157 157 154 40 165 163 145 144 40 142 171 40 162 145 163 143 165 145 162 163
7) 48 65 6C 6C 6F 20 46 6F 72 65 6E 73 65
8) 卵 或 也 也 前 类
9) 2604548.5223370786, 37.27238951310862
10) -.-. --- -- .--. ..- - . .-. 
11) kL10kb55
12)  ر بععمﺿأﺹغسغقنﺿ أیﺿأﺹظ زخخج ﺿأ ﺹﺿا ىﻓش